r = 0.01;
R = 0.04;
l = 0.4;
L = 1;
torque = 0.02;